27
63
97
122
155
184
214
242
276
314
342
380
408
436
469
495
525
557
591
614
646
679
712
752
782
815
842
872
896
926
955
988
1019
1044
1075
1103
1134
1156
1187
1220
1246
1278
1309
1335
1361
1395
1424
1455
1491
1526
1548
1575
1611
1654
1685
1714
1736
1765
1790
1819
1853
1894
1918
1947
1973
2005
2040
2065
2096
2123
2155
2190
2209
2241
2272
2307
2332
2359
2383
2413
2439
2463
2495
2529
2553
2588
2619
2656
2692
2719
2744
2776
2808
2837
2870
2899
2935
2963
2997
3029
3067
3095
3139
3168
3197
3223
3253
3283
3312
3338
3368
3409
3434
3461
3496
3529
3553
3582
3614
3637
3662
3695
3723
3748
3772
3808
3844
3874
3901
3935
3974
4003
4031
4065
4104
4132
4161
4199
4221
4255
4279
4307
4334
4357
4388
4424
4461
4491
4517
4543
4575
4612
4644
4674
4710
4740
4763
4782
4812
4841
4871
4902
4933
4966
4999
5031
5064
5088
5120
5148
5179
5207
5243
5268
5306
5335
5364
5387
5416
5447
5470
5504
5534
5563
5593
5623
5652
5688
5715
5748
5778
5804
5830
5853
5873
5903
5938
5968
5997
6026
6053
6087
6121
6151
6179
6209
6243
6275
6305
6342
6380
6411
6447
6483
6516
6545
6582
6612
6639
6676
6714
6737
6771
6793
6822
6855
6884
6904
6922
6958
6983
7008
7040
7064
7092
7132
7166
7189
7214
7246
7266
7300
7332
7360
7388
7414
7444
7481
7506
7544
7573
7604
7636
7660
7698
7732
7757
7778
7810
7851
7877
7910
7947
7970
8007
8048
8078
8104
8129
8158
8188
8221
8253
8289
8309
8341
8372
8397
8427
8453
8486
8520
8546
8577
8598
8620
8646
8677
8714
8746
8774
8810
8838
8877
8918
8940
8966
8987
9011
9047
9079
9103
9129
9153
9183
9207
9233
9258
9286
9316
9356
9389
9413
9441
9469
9497
9535
9556
9586
9612
9636
9667
9694
9725
9753
9784
9822
9863
9894
9929
9959
9993
10030
10065
10091
10121
10152
10182
10211
10246
10283
10308
10345
10370
10403
10433
10461
10496
10534
10559
10594
10617
10648
10669
10693
10724
10757
10787
10811
10838
10876
10905
10929
10956
10986
11013
11047
11080
11113
11145
11180
11204
11234
11270
11295
11327
11355
11391
11430
11461
11487
11519
11542
11564
11592
11628
11663
11698
11728
11752
11785
11806
11834
11857
11893
11922
11949
11979
12013
12046
12077
12106
12142
12173
12203
12230
12262
12292
12318
12345
12376
12409
12436
12474
12512
12544
12574
12614
12647
12677
12702
12724
12751
12780
12813
12846
12876
12898
12926
12954
12983
13012
13044
13071
13102
13130
13163
13190
13222
13256
13274
13303
13331
13357
13388
13417
13446
13478
13505
13537
13570
13597
13625
13654
13681
13711
13747
13781
13813
13845
13874
13899
13940
13971
14001
14033
14060
14093
14130
14162
14193
14213
14245
14275
14313
14341
14372
14408
14434
14470
14505
14532
14565
14590
14622
14651
14686
14718
14753
14773
14807
14834
14864
14897
14930
14950
14984
15014
15031
15060
15094
15127
15155
15188
15220
15252
15278
15311
15348
15382
15414
15439
15466
15494
15520
15543
15564
15599
15629
15662
15693
15726
15758
15787
15817
15856
15876
15917
15952
15977
16005
16030
16056
16089
16124
16153
16180
16213
16261
16283
16308
16342
16373
16410
16445
16480
16508
16534
16562
16587
16624
16653
16695
16719
16745
16766
16791
16815
16849
16883
16913
16938
16967
17002
17027
17062
17093
17114
17147
17174
17205
17236
17273
17302
17335
17363
17398
17428
17469
17497
17526
17552
17585
17608
17642
17673
17700
17720
17752
17789
17818
17852
17880
17913
17939
17973
17992
18018
18047
18086
18116
18147
18179
18216
18235
18265
18290
18320
18348
18374
18404
18437
18467
18491
18520
18564
18582
18614
18645
18670
18699
18731
18764
18797
18828
18860
18887
18929
18967
18994
19021
19054
19082
19098
19134
19164
19194
19222
19244
19280
19309
19332
19354
19382
19403
19437
19463
19499
19538
19564
19589
19631
19663
19699
19714
19751
19780
19807
19833
19857
19884
19919
19955
19979
20003
20022
20053
20085
20115
20143
20175
20203
20237
20265
20298
20320
20355
20389
20418
20445
20483
20512
20550
20577
20615
20644
20679
20721
20744
20775
20809
20836
20867
20896
20922
20958
20995
21026
21056
21084
21112
21140
21167
21193
21229
21254
21287
21311
21338
21370
21397
21421
21455
21488
21519
21550
21577
21610
21635
21665
21685
21704
21736
21776
21810
21835
21874
21907
21935
21974
22007
22038
22067
22093
22123
22160
22198
22227
22242
22267
22290
22320
22359
22396
22426
22452
22481
22506
22538
22564
22597
22622
22644
22684
22717
22745
22775
22807
22841
22879
22903
22922
22952
22989
23020
23055
23085
23107
23132
23161
23192
23222
23259
23288
23316
23347
23385
23410
23434
23466
23503
23534
23567
23602
23641
23666
23689
23717
23745
23776
23814
23846
23869
23898
23926
23955
23985
24015
24050
24089
24121
24160
24193
24226
24257
24294
24323
24349
24373
24398
24425
24453
24476
24506
24540
24571
24605
24638
24676
24702
24727
24753
24782
24818
24853
24886
24907
24939
24966
24999
25026
25056
25080
25101
25133
25168
25200
25229
25256
25292
25319
25352
25391
25422
25452
25476
25499
25532
25562
25592
25616
25658
25691
25721
25756
25780
25809
25848
25873
25907
25931
25960
26002
26027
26052
26091
26120
26146
26168
26202
26226
26254
26292
26315
26345
26381
26403
26442
26474
26502
26532
26558
26582
26606
26641
26674
26695
26727
26751
26781
26814
26851
26878
26904
26941
26972
27005
27032
27065
27102
27139
27162
27192
27229
27256
27288
27318
27344
27376
27400
27427
27456
27485
27520
27544
27573
27604
27631
27660
27685
27712
27743
27772
27791
27812
27835
27860
27887
27918
27950
27990
28018
28053
28079
28110
28143
28176
28205
28242
28263
28297
28329
28363
28384
28415
28446
28478
28506
28542
28569
28594
28621
28648
28690
28723
28759
28784
28814
28850
28885
28912
28943
28969
29008
29050
29078
29110
29142
29171
29202
29234
29264
29293
29329
29361
29395
29419
29449
29469
29498
29528
29559
29590
29627
29657
29691
29726
29756
29787
29821
29850
29891
29925
29959
29998
30030
30057
30081
30108
30143
30172
30204
30236
30273
30298
30332
30360
30386
30410
30434
30456
30487
30513
30549
30573
30599
30629
30664
30696
30728
30762
30793
30829
30858
30894
30932
30972
31002
31033
31063
31091
31122
31153
31186
31211
31241
31272
31303
31327
31357
31388
31413
31439
31466
31493
31520
31553
31581
31609
31641
31662
31696
31729
31748
31786
31818
31848
31875
31901
31929
31968
31999
32031
32058
32091
32120
32153
32184
32211
32245
32279
32301
32328
32351
32385
32416
32442
32473
32499
32526
32562
32592
32615
32646
32675
32718
32747
32780
32809
32840
32866
32893
32922
32946
32974
33004
33034
33067
33097
33126
33163
33190
33215
33237
33268
33297
33327
33350
33384
33414
33454
33490
33524
33553
33574
33609
33635
33672
33706
33737
33758
33785
33805
33834
33870
33906
33930
33963
33996
34018
34049
34077
34112
34142
34175
34205
34232
34260
34292
34326
34352
34377
34403
34439
34461
34500
34526
34556
34585
34613
34649
34684
34711
34742
34772
34789
34823
34851
34882
34910
34932
34961
34990
35016
35041
35076
35098
35128
35161
35192
35219
35255
35291
35325
35351
35379
35405
35437
35470
35510
35538
35567
35604
35637
35668
35702
35730
35755
35786
35818
35855
35884
35921
35944
35968
36000
36030
36063
36104
36137
36168
36192
36230
36261
36298
36329
36349
36381
36411
36444
36467
36498
36518
36539
36569
36598
36625
36645
36673
36707
36730
36751
36781
36811
36840
36870
36904
36938
36965
36990
37021
37056
37090
37120
37143
37176
37203
37239
37261
37291
37327
37347
37383
37409
37439
37457
37481
37517
37548
37578
37609
37624
37650
37681
37717
37749
37772
37803
37836
37870
37903
37945
37976
38011
38031
38062
38089
38118
38146
38171
38209
38236
38263
38291
38318
38353
38381
38413
38442
38472
38508
38539
38576
38597
38633
38663
38694
38725
38754
38780
38803
38832
38854
38891
38914
38945
38972
39001
39031
39054
39080
39101
39133
39163
39199
39230
39251
39287
39321
39349
39371
39397
39434
39464
39499
39528
39550
39581
39609
39643
39680
39702
39731
39757
39779
39799
39826
39861
39892
39919
39949
39982
40009
40043
40074
40106
40142
40171
40206
40233
40264
40294
40331
40363
40392
40423
40456
40480
40508
40538
40570
40598
40628
40656
40689
40714
40741
40771
40805
40837
40868
40895
40919
40939
40974
40997
41026
41060
41085
41112
41135
41169
41194
41223
41249
41280
41308
41339
41362
41395
41430
41449
41478
41502
41538
41574
41608
41639
41668
41702
41730
41762
41800
41830
41863
41886
41910
41945
41973
42005
42036
42069
42097
42136
42171
42197
42234
42264
42289
42325
42359
42379
42412
42439
42463
42498
42528
42557
42592
42617
42646
42676
42698
42727
42761
42789
42827
42850
42881
42910
42938
42969
43004
43032
43062
43090
43118
43152
43183
43199
43231
43264
43300
43332
43357
43386
43417
43451
43481
43508
43533
43561
43590
43618
43654
43695
43718
43756
43786
43812
43839
43864
43893
43918
43950
43985
44019
44035
44069
44098
44133
44170
44201
44231
44252
44282
44315
44338
44367
44397
44427
44462
44496
44515
44546
44573
44601
44635
44661
44681
44711
44749
44784
44813
44841
44873
44904
44933
44960
44997
45028
45052
45082
45109
45142
45175
45199
45221
45259
45289
45324
45347
45375
45410
45438
45462
45486
45512
45550
45583
45616
45640
45669
45704
45746
45777
45807
45835
45864
45897
45920
45954
45988
46017
46047
46086
46116
46145
46173
46199
46232
46270
46302
46323
46353
46384
46411
46446
46470
46507
46544
46578
46605
46635
46662
46700
46737
46773
46801
46845
46879
46904
46936
46961
46983
47010
47034
47069
47100
47138
47167
47199
47231
47262
47296
47322
47349
47384
47408
47436
47463
47492
47524
47549
47577
47615
47640
47669
47691
47726
47761
47789
47817
47847
47867
47903
47935
47965
47986
48021
48048
48081
48111
48134
48163
48197
48231
48265
48294
48323
48358
48381
48415
48445
48472
48509
48535
48566
48604
48634
48661
48698
48723
48748
48775
48804
48830
48853
48882
48913
48944
48972
49009
49042
49073
49102
49125
49155
49176
49201
49228
49259
49287
49309
49337
49367
49399
49426
49452
49479
49505
49538
49572
49593
49616
49640
49659
49684
49718
49752
49784
49813
49847
49881
49907
49939
49968
49994
50024
50058
50096
50120
50142
50168
50199
50225
50259
50289
50331
50359
50388
50419
50444
50477
50504
50532
50561
50594
50623
50661
50690
50726
50762
50796
50826
50851
50886
50915
50946
50975
51017
51047
51078
51109
51143
51183
51201
51239
51272
51296
51319
51351
51385
51421
51455
51476
51517
51549
51577
51612
51638
51677
51706
51732
51763
51799
51824
51852
51878
51908
51931
51952
51973
52000
52036
52062
52102
52136
52174
52206
52242
52285
52314
52342
52366
52396
52426
52456
52482
52513
52540
52570
52593
52624
52664
52691
52717
52748
52771
52796
52831
52860
52888
52916
52945
52978
53007
53039
53070
53104
53134
53164
53191
53218
53238
53273
53306
53338
53362
53403
53438
53465
53491
53522
53551
53576
53604
53646
53678
53715
53759
53790
53823
53845
53872
53903
53932
53966
54001
54032
54065
54099
54138
54165
54199
54229
54259
54296
54325
54347
54375
54416
54448
54475
54504
54533
54561
54596
54625
54648
54681
54719
54749
54777
54800
54825
54855
54885
54912
54935
54965
54997
55021
55046
55073
55106
55133
55161
55191
55225
55259
55291
55317
55350
55384
55414
55443
55475
55503
55532
55575
55603
55634
55670
55705
55738
55770
55805
55836
55876
55901
55939
55967
55996
56021
56051
56085
56107
56141
56173
56197
56222
56254
56285
56316
56341
56376
56407
56438
56473
56513
56536
56563
56584
56617
56644
56682
56718
56750
56790
56821
56844
56880
56909
56937
56963
56992
57022
57053
57085
57108
57138
57161
57181
57201
57233
57259
57283
57311
57342
57378
57404
57434
57456
57486
57518
57548
57577
57612
57645
57677
57697
57734
57765
57795
57828
57859
57883
57915
57948
57973
58002
58029
58052
58084
58115
58152
58178
58207
58233
58268
58293
58316
58340
58376
58403
58435
58461
58499
58526
58552
58581
58616
58643
58678
58708
58727
58752
58779
58812
58842
58875
58902
58934
58967
59005
59042
59074
59106
59135
59171
59210
59239
59266
59300
59332
59362
59388
59422
59457
59489
59512
59542
59576
59600
59628
59662
59693
59729
59756
59782
59811
59836
59866
59895
59921
59953
59982
60016
60048
60077
60105
60130
60155
60185
60220
60254
60283
60317
60351
60384
60411
60445
60472
60507
60537
60564
60594
60624
60646
60678
60698
60730
60758
60792
60823
60854
60883
60914
60948
60986
61015
61044
61072
61114
61146
61180
61202
61226
61253
61285
61314
61341
61372
61405
61435
61469
61501
61523
61551
61579
61604
61627
61651
61686
61709
61743
61772
61804
61837
61860
61883
61908
61934
61962
61987
62026
62060
62097
62129
62163
62197
62228
62258
62289
62316
62355
62380
62409
62445
62469
62488
62517
62544
62579
62601
62631
62657
62693
62722
62744
62785
62823
62855
62893
62919
62953
62987
63018
63051
63083
63111
63149
63194
63232
63261
63287
63313
63341
63378
63407
63440
63477
63508
63544
63577
63605
63639
63663
63696
63732
63755
63782
63814
63848
63874
63911
63936
63969
63997
64029
64063
64085
64126
64158
64183
64214
64238
64261
64298
64329
64359
64386
64413
64441
64479
64502
64535
64564
64597
64622
64654
64675
64705
64731
64772
64799
64829
64860
64898
64934
64963
64988
65020
65040
65068
65091
65119
65146
65170
65209
65239
65262
65296
65326
65355
65391
65429
65457
65487
65517
65541
65561
65589
65623
65657
65681
65716
65749
65782
65804
65839
65868
65898
65925
65951
65983
66014
66038
66072
66089
66117
66150
66182
66206
66239
66266
66291
66323
66354
66386
66413
66441
66472
66502
66535
66563
66591
66613
66644
66673
66695
66721
66750
66771
66794
66818
66855
66886
66915
66941
66966
66999
67025
67065
67098
67127
67160
67184
67219
67248
67275
67300
67338
67373
67399
67436
67465
67496
67535
67572
67606
67645
67668
67695
67728
67750
67784
67814
